rgb_intrinsics: [[538.618956966031, 0.000000000000, 319.423323651251], [0.000000000000, 538.862307010849, 239.927284694301], [0.000000000000, 0.000000000000, 1.000000000000]]
rgb_distortion_coeffs: [0.060311306274, -0.237609268117, 0.000474728334, -0.000569275032, 0.202269784100]
hand_eye_transform: [[-0.000705329959, 0.005935464392, 0.999982136226, 0.038726073316], [0.010392008379, -0.999928344009, 0.005942475030, -0.040664384972], [0.999945752864, 0.010396014144, 0.000643598022, -0.021454554339], [0.000000000000, 0.000000000000, 0.000000000000, 1.000000000000]]
depth_intrinsics: [[576.557546114420, 0.000000000000, 317.250301945960], [0.000000000000, 576.428784845132, 245.457409910615], [0.000000000000, 0.000000000000, 1.000000000000]]
depth_distortion_coeffs: [-0.044677074664, 0.113677470241, -0.000663188515, -0.000229682419, -0.161260383594]
depth_extrinsics: [[0.999971108239, -0.004539876914, -0.006096901188, -0.026408547972], [0.004537274579, 0.999989609454, -0.000440593333, -0.000229340757], [0.006098838077, 0.000412917288, 0.999981316662, -0.000355566150], [0.000000000000, 0.000000000000, 0.000000000000, 1.000000000000]]
ir1_intrinsics: [[576.557546114420, 0.000000000000, 317.250301945960], [0.000000000000, 576.428784845132, 245.457409910615], [0.000000000000, 0.000000000000, 1.000000000000]]
ir1_distortion_coeffs: [-0.044677074664, 0.113677470241, -0.000663188515, -0.000229682419, -0.161260383594]
ir2_intrinsics: [[0.0, 0.0, 0.0], [0.0, 0.0, 0.0], [0.0, 0.0, 0.0]]
ir2_distortion_coeffs: [0.0, 0.0, 0.0, 0.0, 0.0]
ir_extrinsics: [[0.0, 0.0, 0.0, 0.0], [0.0, 0.0, 0.0, 0.0], [0.0, 0.0, 0.0, 0.0], [0.0, 0.0, 0.0, 0.0]]
rgb_width: 640
rgb_height: 480
depth_width: 640
depth_height: 480
z_scaling: 1.000000
depth_scale_mm: 1.000000
