camera_matrix_l: [[642.407016353611, 0.000000000000, 634.806361443121], [0.000000000000, 642.175968098198, 399.813851272794], [0.000000000000, 0.000000000000, 1.000000000000]]
dist_coeffs_l: [-0.057657753341, 0.080952720340, -0.000807697016, -0.000374940312, -0.041956643906]
camera_matrix_r: [[644.187548402914, 0.000000000000, 642.678242025660], [0.000000000000, 643.838102419627, 392.047659439874], [0.000000000000, 0.000000000000, 1.000000000000]]
dist_coeffs_r: [-0.056866591658, 0.073480549620, -0.000373768765, -0.000319176218, -0.030331996937]
extrinsics_r: [[0.999993934, 0.00185256369, -0.00294958988], [-0.00184019829, 0.999989531, 0.00418945247], [0.00295732022, -0.00418399923, 0.999986874]]
extrinsics_t: [-0.0499848256, 0.00007.76990639, 0.0000507386079]
