rgb_intrinsics: [[1377.903797992831, 0.000000000000, 939.265767435483], [0.000000000000, 1378.596853789097, 543.722840196365], [0.000000000000, 0.000000000000, 1.000000000000]]
rgb_distortion_coeffs: [0.141655009897, -0.427922046792, 0.000859113994, 0.001865152870, 0.372289863803]
hand_eye_transform: [[0.009471901337, 0.001667818506, 0.999953749664, 0.047943803583], [0.015531185106, -0.999878227655, 0.001520575886, -0.007010623387], [0.999834518995, 0.015516064039, -0.009496651120, -0.034418762680], [0.000000000000, 0.000000000000, 0.000000000000, 1.000000000000]]
depth_intrinsics: [[638.970764, 0.000000000000, 640.048828], [0.000000000000, 638.970764, 355.030151], [0.000000000000, 0.000000000000, 1.000000000000]]
depth_distortion_coeffs: [0.0, 0.0, 0.0, 0.0, 0.0]
depth_extrinsics: [[0.999987971999, -0.002920499407, 0.003940373090, 0.015102103489], [0.002909143123, 0.999991607682, 0.002884692807, -0.000070988774], [-0.003948764764, -0.002873195001, 0.999988075933, 0.000004818064], [0.000000000000, 0.000000000000, 0.000000000000, 1.000000000000]]
ir1_intrinsics: [[642.407016353611, 0.000000000000, 634.806361443121], [0.000000000000, 642.175968098198, 399.813851272794], [0.000000000000, 0.000000000000, 1.000000000000]]
ir1_distortion_coeffs: [-0.057657753341, 0.080952720340, -0.000807697016, -0.000374940312, -0.041956643906]
ir2_intrinsics: [[644.187548402914, 0.000000000000, 642.678242025660], [0.000000000000, 643.838102419627, 392.047659439874], [0.000000000000, 0.000000000000, 1.000000000000]]
ir2_distortion_coeffs: [-0.056866591658, 0.073480549620, -0.000373768765, -0.000319176218, -0.030331996937]
ir_extrinsics: [[0.999993933945, -0.001840198295, 0.002957320225, 0.049984515341], [0.001852563693, 0.999989531024, -0.004183999228, 0.000015114113], [-0.002949589876, 0.004189452472, 0.999986874118, -0.000198498194], [0.000000000000, 0.000000000000, 0.000000000000, 1.000000000000]]
rgb_width: 1920
rgb_height: 1080
depth_width: 1280
depth_height: 720
z_scaling: 1.000000
depth_scale_mm: 0.100000
