camera_matrix_l: [[1387.425511429562, 0.000000000000, 969.672342541882], [0.000000000000, 1386.697615935271, 559.110829754973], [0.000000000000, 0.000000000000, 1.000000000000]]
dist_coeffs_l: [0.126991973128, -0.351631362871, 0.000823677750, 0.000733769806, 0.250226895328]
camera_matrix_r: [[1387.667982747532, 0.000000000000, 953.791954520997], [0.000000000000, 1387.664392619552, 553.310410929400], [0.000000000000, 0.000000000000, 1.000000000000]]
dist_coeffs_r: [0.128268524583, -0.368150717004, -0.000893114163, 0.001179459198, 0.284531882325]
extrinsics_r: [[0.999986130, 0.00125724064, -0.00511359975], [-0.00123899938, 0.999992869, 0.00356868523], [0.00511805018, -0.00356230478,  0.999980555]]
extrinsics_t: [-0.0550792390, -0.0000461457433, -0.000494267796]
