rgb_intrinsics:
   rows: 3
   cols: 3
   dt: d
   data: [1374.857782919569, 0.000000000000, 948.551732755740, 0.000000000000, 1373.845365668889, 541.477354850265, 0.000000000000, 0.000000000000, 1.000000000000]
rgb_distortion_coeffs:
   rows: 1
   cols: 5
   dt: d
   data: [0.135775752283, -0.418056082917, 0.000556837458, 0.000123527682, 0.332401963670]
hand_eye_transform:
   rows: 4
   cols: 4
   dt: d
   data: [-0.000529077278, 0.024926402044, 0.999689148965, 0.047041508000, -0.001915414986, -0.999687480304, 0.024925346720, 0.021963094613, 0.999998025629, -0.001901632142, 0.000576656335, -0.034869255532, 0.000000000000, 0.000000000000, 0.000000000000, 1.000000000000]
depth_intrinsics:
   rows: 3
   cols: 3
   dt: d
   data: [1387.18100, 0.000000, 950.821625, 0.000000, 1387.18100, 556.155220, 0.000000, 0.000000, 1.000000]
depth_distortion_coeffs:
   rows: 1
   cols: 5
   dt: d
   data: [0.000000000000, 0.000000000000, 0.000000000000, 0.000000000000, 0.000000000000]
depth_extrinsics:
   rows: 4
   cols: 4
   dt: d
   data: [0.999987510895, 0.003531992676, 0.003535969669, 0.014944465045, -0.003538921961, 0.999991826342, 0.001955320976, -0.000049816138, -0.003529034587, -0.001967810077, 0.999991836786, 0.000086832557, 0.000000000000, 0.000000000000, 0.000000000000, 1.000000000000]
ir1_intrinsics:
   rows: 3
   cols: 3
   dt: d
   data: [1387.425511429562, 0.000000000000, 969.672342541882, 0.000000000000, 1386.697615935271, 559.110829754973, 0.000000000000, 0.000000000000, 1.000000000000]
ir1_distortion_coeffs:
   rows: 1
   cols: 5
   dt: d
   data: [0.126991973128, -0.351631362871, 0.000823677750, 0.000733769806, 0.250226895328]
ir2_intrinsics:
   rows: 3
   cols: 3
   dt: d
   data: [1387.667982747532, 0.000000000000, 953.791954520997, 0.000000000000, 1387.664392619552, 553.310410929400, 0.000000000000, 0.000000000000, 1.000000000000]
ir2_distortion_coeffs:
   rows: 1
   cols: 5
   dt: d
   data: [0.128268524583, -0.368150717004, -0.000893114163, 0.001179459198, 0.284531882325]
ir_extrinsics:
   rows: 4
   cols: 4
   dt: d
   data: [0.999986135126, -0.001239001799, 0.005118049425, 0.055080948077, 0.001257242440, 0.999992864639, -0.003562304364, 0.000113632506, -0.005113599205, 0.003568689602, 0.999980557590, 0.000212769671, 0.000000000000, 0.000000000000, 0.000000000000, 1.000000000000]
rgb_width: 1920
rgb_height: 1080
depth_width: 1920
depth_height: 1080
sensor_name: "realsense_d415"
serial_number: "n/a"
robot_name: "ur10"
z_scaling: 1.000000
depth_scale_mm: 0.100000
