d415_rgb:
  rows: 4
  cols: 4
  dt: d
  data: [0.999934710823429, 0.011110748449550, -0.002669336875595, 0.014632567005751, -0.011061378651869, 0.999779523106643, 0.017847999298879, 0.062156832711645, 0.002867052979031, -0.017817307471771, 0.999837148520534, -0.009368916742207, 0, 0, 0, 1.000000000000000]
d415_depth:
  rows: 4
  cols: 4
  dt: d
  data: [0.999946226317048, 0.007762626761501, -0.006876488933738, -0.000527039452244, -0.007652689425888, 0.999844745844134, 0.015872005305865, 0.062143694622150, 0.006998629783399, -0.015818528175533, 0.999850385481505, -0.009084969363878, 0, 0, 0, 1.000000000000000]
d435_rgb:
  rows: 4
  cols: 4
  dt: d
  data: [0.999965986030414, -0.003674422557479, 0.007384131708690, 0.011465572717871, 0.003704119456791, 0.999985091266429, -0.004012074765266, 0.035022631690805, -0.007369279562618, 0.004039290004610, 0.999964688304035, -0.006028521281534, 0, 0, 0, 1.000000000000000]
d435_depth:
  rows: 4
  cols: 4
  dt: d
  data: [0.999994933211126, -0.000781641377922, 0.003085869218068, -0.003526135048664, 0.000802955787127, 0.999975790056696, -0.006911914531419, 0.035075954752913, -0.003080391870950, 0.006914357326755, 0.999971351013958, -0.005829811370121, 0, 0, 0, 1.000000000000000]
ps_rgb:
  rows: 4
  cols: 4
  dt: d
  data: [1.0, 0.0, 0.0, 0.0, 0.0, 1.0, 0.0, 0.0, 0.0, 0.0, 1.0, 0.0, 0, 0, 0, 1.0]
ps_depth:
  rows: 4
  cols: 4
  dt: d
  data: [0.999971108095965, 0.004537273625698, 0.006098862301528, 0.026410994314670, -0.004539875953515, 0.999989609460111, 0.000412914205070, 0.000109595724234, -0.006096925426324, -0.000440590353499, 0.999981316515707, 0.000194427161309, 0, 0, 0, 1.000000000000000]
cham_rgb:
  rows: 4
  cols: 4
  dt: d
  data: [0.999946195895486, 0.002728399972359, -0.010008054143419, -0.020776228962274, -0.002766392006643, 0.999989013131887, -0.003784268856647, 0.101227528062750, 0.009997619187204, 0.003811751448434, 0.999942757442386, -0.029188388012594, 0, 0, 0, 1.000000000000000]
