d415_rgb:
  rows: 4
  cols: 4
  dt: d
  data: [1.0, 0.0, 0.0, 0.0, 0.0, 1.0, 0.0, 0.0, 0.0, 0.0, 1.0, 0.0, 0, 0, 0, 1.0]
d415_depth:
  rows: 4
  cols: 4
  dt: d
  data: [0.999987510824326, -0.003538921850806, -0.003529054760391, -0.014944148362715, 0.003531992532181, 0.999991826345591, -0.001967808619438, -0.000002797500938, 0.003535989836039, 0.001955319448071, 0.999991836717548, -0.000139575776800, 0, 0, 0, 1.000000000000000]
d435_rgb:
  rows: 4
  cols: 4
  dt: d
  data: [0.999839644042468, -0.014619851390382, 0.010341476990980, -0.002151600581372, 0.014838637508178, 0.999660748056676, -0.021405691571798, -0.027497252746212, -0.010025020595126, 0.021555712469997, 0.999717385175420, 0.002069511744424, 0, 0, 0, 1.000000000000000]
d435_depth:
  rows: 4
  cols: 4
  dt: d
  data: [0.999922524752708, -0.011770676335293, 0.004049156798525, -0.017373851618106, 0.011866662409882, 0.999627931782391, -0.024559729715712, -0.027413566861369, -0.003758565606606, 0.024605876921352, 0.999690164003584, 0.001868521074650, 0, 0, 0, 1.000000000000000]
ps_rgb:
  rows: 4
  cols: 4
  dt: d
  data: [0.999934710940706, -0.011061376959181, 0.002867018607055, -0.013917211294767, 0.011110746157342, 0.999779523040719, -0.017817312600349, -0.062472636819943, -0.002669302484439, 0.017848004040742, 0.999837148527703, 0.008297075397570, 0, 0, 0, 1.000000000000000]
ps_depth:
  rows: 4
  cols: 4
  dt: d
  data: [0.999956558245660, -0.006396533820740, 0.006779821278958, 0.012236226935722, 0.006507806353652, 0.999842367628236, -0.016519332674983, -0.062077543570298, -0.006673086089498, 0.016562736810187, 0.999840560125163, 0.008424624762622, 0, 0, 0, 1.000000000000000]
cham_rgb:
  rows: 4
  cols: 4
  dt: d
  data: [0.999923332975806, -0.008616007380941, -0.008893401338435, -0.034919416283488, 0.008434272771252, 0.999758887213619, -0.020273886657623, 0.038860844034371, 0.009065936982740, 0.020197322946312, 0.999754908431275, -0.020931743823634, 0, 0, 0, 1.000000000000000]
