d415_rgb:
  rows: 4
  cols: 4
  dt: d
  data: [0.999839644223149, 0.014838637043210, -0.010025003263185, 0.002580023781930, -0.014619851465127, 0.999660748407011, 0.021555696172295, 0.027411858300775, 0.010341459416572, -0.021405675533245, 0.999717385700629, -0.002635273903452, 0, 0, 0, 1.000000000000000]
d415_depth:
  rows: 4
  cols: 4
  dt: d
  data: [0.999858772660316, 0.011438346197595, -0.012312553369216, -0.012418594099821, -0.011191320453266, 0.999738376876382, 0.019948236691232, 0.027382577708694, 0.012537506957850, -0.019807625724480, 0.999725196682789, -0.002618448172371, 0, 0, 0, 1.000000000000000]
d435_rgb:
  rows: 4
  cols: 4
  dt: d
  data: [1.0, 0.0, 0.0, 0.0, 0.0, 1.0, 0.0, 0.0, 0.0, 0.0, 1.0, 0.0, 0, 0, 0, 1.0]
d435_depth:
  rows: 4
  cols: 4
  dt: d
  data: [0.999987972037133, 0.002909142855185, -0.003948755362073, -0.015101696176684, -0.002920499146344, 0.999991607657758, -0.002873203575886, 0.000115107587507, 0.003940363663112, 0.002884701353765, 0.999988075945059, -0.000064120799336, 0, 0, 0, 1.000000000000000]
ps_rgb:
  rows: 4
  cols: 4
  dt: d
  data: [0.999965984048542, 0.003704131846528, -0.007369542258148, -0.011639340055106, -0.003674433822970, 0.999985091186486, 0.004039299547723, -0.034955629803604, 0.007384394485109, -0.004012083251772, 0.999964686329507, 0.006084155664922, 0, 0, 0, 1.000000000000000]
ps_depth:
  rows: 4
  cols: 4
  dt: d
  data: [0.999964429347642, 0.008298410043412, -0.001508784344060, 0.014624011310623, -0.008289823697415, 0.999949897751113, 0.005610776292551, -0.034558750780652, 0.001555269272909, -0.005598069157368, 0.999983121237153, 0.006089360964322, 0, 0, 0, 1.000000000000000]
cham_rgb:
  rows: 4
  cols: 4
  dt: d
  data: [0.999828992396161, 0.006416323222780, -0.017344069890870, -0.032698810853021, -0.006413705105997, 0.999979410645427, 0.000206572113351, 0.066241698651146, 0.017345038221113, -0.000095297038331, 0.999849558967539, -0.023017218966445, 0, 0, 0, 1.000000000000000]
